577
1048
1079
1087
1088
1072
1090
1077
1085
32
1089
1080
32
1074
32
1082
1086
1084
1072
1085
1076
1080
1088
1086
1074
1082
1072
32
1085
1072
32
1087
1086
1083
1102
1089
1072
44
32
1079
1072
32
1076
1072
32
1086
1089
1085
1086
1074
1077
1096
13
10
1073
1072
1079
1072
32
1090
1072
1084
46
32
1047
1072
1087
1086
1095
1074
1072
1096
32
1089
32
1077
1076
1085
1072
32
1075
1083
1072
1074
1085
1072
32
1087
1086
1089
1090
1088
1086
1081
1082
1072
32
1080
32
1084
1086
1078
1077
1096
13
10
1076
1072
32
1085
1072
1077
1084
1072
1096
32
1082
1086
1083
1082
1086
1090
1086
32
1088
1072
1073
1086
1090
1085
1080
1094
1080
32
1080
1089
1082
1072
1096
32
1086
1090
32
1082
1086
1088
1077
1085
1085
1086
1090
1086
13
10
1085
1072
1089
1077
1083
1077
1085
1080
1077
44
32
1079
1072
32
1076
1072
32
1089
1098
1073
1080
1088
1072
1096
32
1076
1098
1088
1074
1077
1085
32
1084
1072
1090
1077
1088
1080
1072
1083
44
32
1085
1077
1086
1073
1093
1086
1076
1080
1084
13
10
1079
1072
32
1074
1089
1080
1095
1082
1086
32
1074
32
1080
1075
1088
1072
1090
1072
46
32
1050
1086
1075
1072
1090
1086
32
1085
1072
1077
1084
1077
1096
32
1084
1077
1089
1090
1077
1085
32
1080
1083
1080
32
1087
1086
1089
1090
1088
1086
1080
1096
13
10
1082
1091
1083
1072
44
32
1090
1077
32
1089
1072
1084
1086
1089
1090
1086
1103
1090
1077
1083
1085
1086
32
1080
1079
1073
1080
1088
1072
1090
32
1082
1072
1082
1074
1086
32
1076
1072
32
1087
1088
1072
1074
1103
1090
46
32
13
10
1042
1085
1080
1084
1072
1074
1072
1081
44
32
1073
1072
1079
1072
1090
1072
32
1090
1080
32
1097
1077
32
1073
1098
1076
1077
32
1087
1086
1076
32
1087
1086
1089
1090
1086
1103
1085
1085
1080
13
10
1072
1090
1072
1082
1080
32
1086
1090
32
1084
1077
1089
1090
1085
1080
32
1095
1091
1076
1086
1074
1080
1097
1072
46
32
1055
1088
1080
32
1087
1086
1089
1090
1088
1086
1103
1074
1072
1085
1077
32
1085
1072
32
1080
1075
1083
1091
44
13
10
1090
1077
1088
1080
1090
1086
1088
1080
1103
1090
1072
32
1086
1082
1086
1083
1086
32
1085
1077
1075
1086
32
1089
1077
32
1086
1073
1083
1072
1075
1086
1088
1086
1076
1103
1074
1072
46
32
1055
1077
1095
1077
1083
1080
1096
13
10
1080
1075
1088
1072
1090
1072
44
32
1082
1086
1075
1072
1090
1086
32
1086
1073
1083
1072
1075
1086
1088
1086
1076
1080
1096
32
1087
1086
1074
1077
1095
1077
32
1086
1090
32
56
53
37
32
1086
1090
32
1082
1072
1088
1090
1072
1090
1072
46
13
10
1047
1072
32
1076
1072
32
1087
1088
1077
1076
1087
1072
1079
1080
1096
32
1089
1077
1083
1080
1097
1077
1090
1086
44
32
1084
1086
1078
1077
1096
32
1076
1072
32
1089
1090
1088
1086
1080
1096
32
1080
32
1089
1090
1077
1085
1080
32
1080
13
10
1089
1090
1088
1077
1083
1103
1097
1080
32
1082
1091
1083
1080
46
32
0
